14 0 1.71057e-316
14 1 0.0215686
14 2 0.357298
14 3 0.760784
14 4 0.718431
14 5 0.718431
14 6 0.55451
14 355 0.62549
14 356 0.826144
14 357 0.544385
14 358 0.582353
14 359 0.409804
15 0 0.501342
15 1 0.580008
15 2 0.278431
15 3 0.506914
15 4 0.58028
15 5 0.422376
15 6 0.721569
15 355 0.619608
15 356 0.523414
15 357 0.592941
15 358 0.491503
15 359 0.522722
16 0 0.432644
16 1 0.629181
16 2 0.493682
16 3 0.676125
16 4 0.657102
16 5 0.479521
16 355 0.363726
16 356 0.412092
17 0 0.30719
17 1 0.527629
17 3 0.371342
17 4 0.616488
17 5 0.441522
17 355 0.345098
17 356 0.365266
18 0 0.334902
18 1 0.509447
18 3 0.369139
18 4 0.419888
18 5 0.426144
18 355 0.426144
18 356 0.34902
19 0 0.404999
19 1 0.804575
19 3 0.760784
19 4 0.796863
19 5 0.668627
19 355 0.668627
19 356 0.412045
20 0 0.511159
20 1 0.721569
20 3 0.584706
20 4 0.6093
20 5 0.564706
20 359 0.40549
21 0 0.441719
21 1 0.733769
21 3 0.573943
21 4 0.408039
21 5 0.585714
21 358 0.517087
21 359 0.41629
22 0 0.461585
22 3 0.440925
22 4 0.555904
22 5 0.449087
22 356 0.175163
22 357 0.689412
22 358 0.870588
23 0 0.492282
23 1 0.692997
23 3 0.561164
23 4 0.497292
23 5 0.491106
23 6 0.489216
23 356 0.588235
23 357 0.564293
23 358 0.496078
24 0 0.496078
24 1 0.926522
24 2 0.498039
24 3 0.591554
24 4 0.363608
24 5 0.586801
24 6 0.552288
24 354 0.552381
24 355 0.44
24 356 0.770588
24 357 0.533894
25 0 0.549389
25 1 0.631107
25 2 0.535029
25 3 0.526745
25 4 0.421747
25 5 0.447993
25 354 0.543627
25 355 0.72109
25 356 0.741737
25 357 0.588155
25 359 0.75407
26 0 0.60116
26 1 0.475579
26 2 0.497578
26 3 0.57278
26 4 0.435294
26 5 0.691176
26 354 0.56732
26 355 0.574379
26 356 0.634974
26 357 0.916934
26 359 0.739746
27 0 0.508699
27 1 0.317647
27 2 0.565913
27 3 0.541176
27 354 0.539542
27 355 0.637522
27 356 0.757684
27 357 0.70875
27 358 0.649809
27 359 0.724632
28 0 0.504153
28 1 0.195207
28 2 0.494902
28 4 0.494902
28 5 0.754248
28 354 0.441262
28 355 0.822042
28 356 0.470879
28 357 0.628613
28 358 0.720479
28 359 0.787069
29 0 0.381017
29 1 0.262404
29 2 0.496732
29 4 0.445098
29 5 0.551961
29 353 0.551961
29 354 0.284804
29 355 0.585658
29 356 0.728574
29 357 0.805541
29 358 0.751329
29 359 0.660312
30 0 0.59035
30 1 0.523418
30 2 0.472941
30 5 0.576471
30 6 0.554248
30 353 0.554248
30 354 0.501471
30 355 0.574641
30 356 0.488074
30 357 0.594408
30 358 0.633769
30 359 0.45236
31 0 0.69065
31 1 0.449412
31 2 0.181699
31 5 0.181699
31 6 0.437037
31 355 0.572549
31 356 0.709216
31 357 0.80061
31 358 0.60793
31 359 0.421264
329 352 0.421264
329 354 0.520261
330 352 0.520261
330 353 0.581176
330 354 0.501569
330 355 0.542603
330 356 0.305882
331 354 0.283007
331 355 0.554367
331 356 0.480392
331 357 0.529804
331 358 0.438562
332 355 0.44281
332 356 0.462588
332 357 0.526275
333 355 0.52
333 357 0.556078
334 355 0.729412
334 356 0.547059
335 24 0.547059
335 353 0.547059
335 354 0.467974
335 355 0.67451
336 24 0.380392
336 353 0.379608
336 355 0.696078
337 353 0.33098
337 355 0.55
338 24 0.554902
338 353 0.415126
338 355 0.508824
338 357 0.54902
339 24 0.503922
339 353 0.226471
339 354 0.393184
339 355 0.556303
339 356 0.80915
339 357 0.451765
340 353 0.327731
340 354 0.440784
340 355 0.44902
341 353 0.520915
341 354 0.568627
341 355 0.347386
341 356 0.415893
342 353 0.557983
342 354 0.537745
342 355 0.455108
343 354 0.390588
343 355 0.390588
344 354 0.555882
345 354 0.503268
345 355 0.503268
346 354 0.373856
346 355 0.678431
